[[9, 3], [10, 9]]
9
[[5, 4], [4, 6], [6, 4], [10, 3], [8, 4], [2, 4], [3, 9], [2, 1], [6, 4]]
20
[[7, 1], [10, 1], [1, 2], [1, 3], [2, 6]]
15
[[7, 9], [1, 2], [7, 10], [10, 3], [6, 6], [1, 9], [8, 9], [8, 9], [10, 1], [9, 9]]
8
[[1, 4], [7, 9], [2, 8], [8, 9], [5, 10]]
14
[[2, 9], [8, 9], [1, 10], [5, 9], [8, 3]]
17
[[6, 2], [4, 5], [10, 4]]
30
[[8, 2], [7, 6], [5, 7], [7, 3]]
22
[[2, 6], [9, 10], [2, 2], [8, 10], [7, 2], [1, 9]]
32
[[2, 2], [10, 6], [10, 4], [6, 3], [7, 6], [7, 8], [5, 3], [9, 10], [1, 6]]
29